input------
25
30
[8 6 7 9 4 8 4 6 5 2 4 2 3 4 9 3 5 3 5 5 6 7 9 5 1]
[12  7 15  5 10 17 19  6 11  4 19 14 16 12 16 12 12 19  3 10 12 18  5 17 19]
-----------
     evaluate  weight  value  result
24  19.000000     1.0   19.0     1.0
11   7.000000     2.0   14.0     1.0
17   6.333333     3.0   19.0     1.0
12   5.333333     3.0   16.0     1.0
6    4.750000     4.0   19.0     1.0
10   4.750000     4.0   19.0     1.0
15   4.000000     3.0   12.0     1.0
23   3.400000     5.0   17.0     1.0
13   3.000000     4.0   12.0     1.0
21   2.571429     7.0   18.0     0.0
4    2.500000     4.0   10.0     0.0
16   2.400000     5.0   12.0     0.0
8    2.200000     5.0   11.0     0.0
2    2.142857     7.0   15.0     0.0
5    2.125000     8.0   17.0     0.0
19   2.000000     5.0   10.0     0.0
9    2.000000     2.0    4.0     0.0
20   2.000000     6.0   12.0     0.0
14   1.777778     9.0   16.0     0.0
0    1.500000     8.0   12.0     0.0
1    1.166667     6.0    7.0     0.0
7    1.000000     6.0    6.0     0.0
18   0.600000     5.0    3.0     0.0
3    0.555556     9.0    5.0     0.0
22   0.555556     9.0    5.0     0.0
---answer---
Ans, 147.0
elapsed_time:0.00860285758972168[sec]
