input------
10
30
[8 6 7 9 4 8 4 6 5 2]
[ 4  2  3  4 11 19 11 19  5  5]
-----------
   evaluate  weight  value  result
7  3.166667     6.0   19.0     1.0
4  2.750000     4.0   11.0     1.0
6  2.750000     4.0   11.0     1.0
9  2.500000     2.0    5.0     1.0
5  2.375000     8.0   19.0     1.0
8  1.000000     5.0    5.0     1.0
0  0.500000     8.0    4.0     0.0
3  0.444444     9.0    4.0     0.0
2  0.428571     7.0    3.0     0.0
1  0.333333     6.0    2.0     0.0
---answer---
Ans, 70.0
elapsed_time:0.007292747497558594[sec]
