input------
10
30
[8 6 7 9 4 8 4 6 5 2]
[ 4  2  3  4 11 19 11 19  5  5]
-----------
Ans, 70
elapsed_time:0.007750034332275391[sec]
input------
100
30
[8 6 7 9 4 8 4 6 5 2 4 2 3 4 9 3 5 3 5 5 6 7 9 5 1 7 5 1 4 3 6 4 3 9 4 3 3
 2 5 1 5 3 2 3 1 3 7 7 4 7 1 6 2 1 4 2 8 9 7 7 3 9 2 5 9 3 2 8 3 1 5 1 8 1
 1 4 3 5 9 3 6 9 3 2 1 4 7 6 2 7 1 2 1 5 1 6 9 7 4 8]
[14 10  7  7  1  2  5 17 19 14 13  4 14  6 11 16  5  7  6  9 10 11  9  1  9
  5 16 15  4 11  2 10 11  5 18  6 16  3 18  4  6  5 14 16 10 19  7  8  5  1
 17 11 16 10  1  6  9 18  1  3 12  5  5 16  1  3 16 15 17  3  2  9  8 19 16
  1  9  6 16  1 15  2  3 13  4 11 14  8  1  5 14 16  1 18  3  7  2 14 12 16]
-----------
Ans, 260
elapsed_time:0.28269505500793457[sec]
