input------
250
30
[8 6 7 9 4 8 4 6 5 2 4 2 3 4 9 3 5 3 5 5 6 7 9 5 1 7 5 1 4 3 6 4 3 9 4 3 3
 2 5 1 5 3 2 3 1 3 7 7 4 7 1 6 2 1 4 2 8 9 7 7 3 9 2 5 9 3 2 8 3 1 5 1 8 1
 1 4 3 5 9 3 6 9 3 2 1 4 7 6 2 7 1 2 1 5 1 6 9 7 4 8 7 8 7 1 2 5 1 3 4 7 6
 5 5 7 6 9 5 9 1 9 5 5 7 4 2 5 4 2 6 3 2 4 6 5 7 8 6 3 7 7 8 5 1 1 6 7 1 6
 9 9 2 1 3 6 5 5 6 9 1 3 6 4 1 4 3 2 9 8 3 9 1 9 6 1 7 2 3 4 7 8 5 8 1 5 4
 5 1 2 3 7 2 5 6 6 1 2 3 9 6 3 1 9 8 6 9 2 6 5 3 3 8 7 9 6 4 5 2 8 5 5 3 3
 8 8 5 9 8 8 6 4 4 5 4 1 9 3 8 8 5 1 8 3 7 5 4 5 7 6 9 3]
[12  6 19  7 18  8 13 16 13  2  4  9 18 11 16 11 12  8  2 15  7  9  7  7  7
 12  9 10  5 11 18  5  2 18  9 14  5  5 19 17 10  8  2 15  3 15  9  3 15  6
  3 14  3  3 10  2 11  9 17 18 11  5 16 13 12  6  5  1 14 11 17  7  1  7 19
  8 13  5 16 18  1 13  5 19  2  9 10  1 19  2  8  3 13 14 16  6 11  2  6 14
  1 14 16  9 10  4 11  3 11 11  3  7  5  4 10 11 18  7  7  8 12 12  8  3 17
 16  3 17  7  6 15  7  2  5  3  7 14 17  4  4  8  3 17 10  3  6  7 13  1  1
 17  7 17 10 12 18  4 17  4  1  1 13  3  1 10 14  7  1 18  8 17  6 17 10  9
 13  7 10 18 18  1  7  4  4 12 16  8  9 15 10 19  7 15 13 11 12 10  9  5 11
  6 11  5  9 16 16  6 12 11  9  3  6 10 11 16 12  8 19 18 10  8 17  7 16  2
 11  5  2  4  5  6  1  1  8 13  2  7 13  7 10  9  4 12 16  5  7  8 16  7 10]
-----------
Ans, 321
elapsed_time:1.6451716423034668[sec]
